DB 1 MOTIF	GRGCCGTA	DREME
 -46.0	1
 -45.0	0
 -44.0	0
 -43.0	0
 -42.0	1
 -41.0	0
 -40.0	0
 -39.0	0
 -38.0	0
 -37.0	0
 -36.0	0
 -35.0	0
 -34.0	1
 -33.0	3
 -32.0	0
 -31.0	0
 -30.0	0
 -29.0	0
 -28.0	0
 -27.0	0
 -26.0	2
 -25.0	0
 -24.0	0
 -23.0	0
 -22.0	0
 -21.0	0
 -20.0	1
 -19.0	0
 -18.0	0
 -17.0	0
 -16.0	0
 -15.0	0
 -14.0	0
 -13.0	0
 -12.0	1
 -11.0	1
 -10.0	0
  -9.0	0
  -8.0	1
  -7.0	1
  -6.0	0
  -5.0	0
  -4.0	1
  -3.0	2
  -2.0	0
  -1.0	0
   0.0	4
   1.0	0
   2.0	2
   3.0	0
   4.0	0
   5.0	0
   6.0	1
   7.0	0
   8.0	0
   9.0	1
  10.0	2
  11.0	1
  12.0	1
  13.0	0
  14.0	1
  15.0	0
  16.0	1
  17.0	0
  18.0	0
  19.0	1
  20.0	0
  21.0	0
  22.0	1
  23.0	0
  24.0	1
  25.0	0
  26.0	1
  27.0	0
  28.0	1
  29.0	0
  30.0	0
  31.0	0
  32.0	1
  33.0	0
  34.0	0
  35.0	0
  36.0	1
  37.0	0
  38.0	1
  39.0	2
  40.0	0
  41.0	0
  42.0	0
  43.0	0
  44.0	0
  45.0	0
  46.0	1
DB 2 MOTIF	MA0227.1	hth
 -47.0	8
 -46.0	5
 -45.0	3
 -44.0	1
 -43.0	2
 -42.0	2
 -41.0	3
 -40.0	4
 -39.0	4
 -38.0	5
 -37.0	3
 -36.0	1.5
 -35.0	5
 -34.0	1
 -33.0	7
 -32.0	3
 -31.0	2.5
 -30.0	0
 -29.0	1
 -28.0	3
 -27.0	2
 -26.0	1
 -25.0	5.5
 -24.0	5
 -23.0	4.5
 -22.0	3
 -21.0	2
 -20.0	3
 -19.0	2
 -18.0	3
 -17.0	2
 -16.0	5
 -15.0	5
 -14.0	5
 -13.0	5
 -12.0	4
 -11.0	5
 -10.0	2
  -9.0	3
  -8.0	2
  -7.0	5
  -6.0	6
  -5.0	8.5
  -4.0	4
  -3.0	4
  -2.0	4.5
  -1.0	6
   0.0	1
   1.0	3
   2.0	8
   3.0	6
   4.0	7.5
   5.0	3.5
   6.0	4.5
   7.0	2
   8.0	2
   9.0	7
  10.0	4
  11.0	3
  12.0	4
  13.0	3
  14.0	2
  15.0	7
  16.0	2
  17.0	2
  18.0	10
  19.0	5.5
  20.0	2
  21.0	3.5
  22.0	1
  23.0	3
  24.0	3.5
  25.0	3
  26.0	1
  27.0	3.5
  28.0	2.5
  29.0	1
  30.0	3.5
  31.0	2.5
  32.0	5
  33.0	2
  34.0	3
  35.0	5.5
  36.0	3
  37.0	3.5
  38.0	2
  39.0	2
  40.0	2
  41.0	3.5
  42.0	3
  43.0	2
  44.0	4.5
  45.0	2
  46.0	5
  47.0	3
DB 2 MOTIF	MA0460.1	ttk
 -45.5	1
 -44.5	2
 -43.5	1
 -42.5	0
 -41.5	1
 -40.5	2
 -39.5	2
 -38.5	1
 -37.5	5
 -36.5	3
 -35.5	2
 -34.5	2
 -33.5	6
 -32.5	3
 -31.5	4
 -30.5	3
 -29.5	4
 -28.5	7
 -27.5	3
 -26.5	6
 -25.5	0
 -24.5	3
 -23.5	4
 -22.5	1
 -21.5	5
 -20.5	3
 -19.5	1
 -18.5	4
 -17.5	4
 -16.5	5
 -15.5	3
 -14.5	6
 -13.5	1
 -12.5	1
 -11.5	3
 -10.5	3
  -9.5	2
  -8.5	3
  -7.5	2
  -6.5	3
  -5.5	1
  -4.5	6
  -3.5	6
  -2.5	0
  -1.5	2
  -0.5	1
   0.5	3
   1.5	3
   2.5	3
   3.5	3
   4.5	4.5
   5.5	1
   6.5	3
   7.5	3
   8.5	2
   9.5	1
  10.5	4.5
  11.5	2
  12.5	2
  13.5	1
  14.5	3
  15.5	3
  16.5	1
  17.5	3
  18.5	2
  19.5	2
  20.5	3
  21.5	3
  22.5	5
  23.5	0
  24.5	3
  25.5	1
  26.5	1
  27.5	1
  28.5	5
  29.5	2
  30.5	2
  31.5	1
  32.5	3
  33.5	1
  34.5	1
  35.5	0
  36.5	0
  37.5	4
  38.5	2
  39.5	1
  40.5	2
  41.5	2
  42.5	1
  43.5	1
  44.5	1
  45.5	3
